Mon super auteur,Ma super description
Mon super auteur,Ma super description
gossip_author,gossip_content
Jacob,Potin
Jacob,Popotin
